1
texture0.tex
128 128
22
0 485 128 128 0 0 0 frame0
0 615 128 128 0 0 0 frame1
0 745 128 128 0 0 0 frame2
0 875 128 128 0 0 0 frame3
130 485 128 128 0 0 0 frame4
241 246 128 128 0 0 0 frame5
246 0 128 128 0 0 0 frame6
130 615 128 128 0 0 0 frame7
130 745 128 128 0 0 0 frame8
130 875 128 128 0 0 0 frame9
260 376 128 128 0 0 0 frame10
371 130 128 128 0 0 0 frame11
376 0 128 128 0 0 0 frame12
260 506 128 128 0 0 0 frame13
260 636 128 128 0 0 0 frame14
260 766 128 128 0 0 0 frame15
260 896 128 128 0 0 0 frame16
390 260 128 128 0 0 0 frame17
501 130 128 128 0 0 0 frame18
506 0 128 128 0 0 0 frame19
390 390 128 128 0 0 0 frame20
390 520 128 128 0 0 0 frame21
