1
texture0.tex
128 128
29
390 650 128 128 0 0 0 frame0
390 780 128 128 0 0 0 frame1
520 260 128 128 0 0 0 frame2
631 130 128 128 0 0 0 frame3
636 0 128 128 0 0 0 frame4
520 390 128 128 0 0 0 frame5
520 520 128 128 0 0 0 frame6
520 650 128 128 0 0 0 frame7
520 780 128 128 0 0 0 frame8
650 260 128 128 0 0 0 frame9
761 130 128 128 0 0 0 frame10
766 0 128 128 0 0 0 frame11
650 390 128 128 0 0 0 frame12
650 520 128 128 0 0 0 frame13
650 650 128 128 0 0 0 frame14
650 780 128 128 0 0 0 frame15
780 260 128 128 0 0 0 frame16
891 130 128 128 0 0 0 frame17
896 0 128 128 0 0 0 frame18
780 390 128 128 0 0 0 frame19
780 520 128 128 0 0 0 frame20
780 650 128 128 0 0 0 frame21
780 780 128 128 0 0 0 frame22
910 260 128 128 0 0 0 frame23
1021 130 128 128 0 0 0 frame24
1026 0 128 128 0 0 0 frame25
910 390 128 128 0 0 0 frame26
910 520 128 128 0 0 0 frame27
910 650 128 128 0 0 0 frame28
